Gen# 	 MinFit 	 AvgFit 	 MaxFit 
  0 	 7.22007E-02 	 1.54642E-01 	 2.42744E-01 
  1 	 7.22007E-02 	 3.06117E-01 	 6.90147E-01 
  2 	 7.22007E-02 	 2.99677E-01 	 7.30322E-01 
  3 	 7.22007E-02 	 3.07329E-01 	 8.87491E-01 
  4 	 7.22007E-02 	 2.99776E-01 	 8.80969E-01 
  5 	 7.22007E-02 	 3.16222E-01 	 8.84350E-01 
  6 	 7.22007E-02 	 3.17110E-01 	 6.75805E-01 
  7 	 7.22007E-02 	 3.05534E-01 	 5.68928E-01 
  8 	 7.22007E-02 	 3.05767E-01 	 8.55622E-01 
  9 	 7.22007E-02 	 2.97265E-01 	 5.65198E-01 
 10 	 7.22007E-02 	 3.11779E-01 	 7.31691E-01 
 11 	 7.22007E-02 	 2.93563E-01 	 7.35902E-01 
 12 	 7.22007E-02 	 3.03515E-01 	 7.54697E-01 
 13 	 7.22007E-02 	 3.04054E-01 	 8.30006E-01 
 14 	 7.22007E-02 	 2.97860E-01 	 7.13233E-01 
 15 	 7.22007E-02 	 2.94733E-01 	 8.58802E-01 
 16 	 7.22007E-02 	 2.95952E-01 	 7.32043E-01 
 17 	 7.22007E-02 	 3.01601E-01 	 8.94358E-01 
 18 	 7.22007E-02 	 2.95863E-01 	 6.37229E-01 
 19 	 7.22007E-02 	 3.16744E-01 	 7.43005E-01 
 20 	 7.22007E-02 	 3.05997E-01 	 7.93218E-01 
 21 	 7.22007E-02 	 3.04625E-01 	 7.20911E-01 
 22 	 7.22007E-02 	 3.01220E-01 	 7.97668E-01 
 23 	 7.22007E-02 	 3.00558E-01 	 8.56680E-01 
 24 	 7.22007E-02 	 2.83684E-01 	 6.93962E-01 
 25 	 7.22007E-02 	 2.84847E-01 	 7.00296E-01 
 26 	 7.22007E-02 	 3.06212E-01 	 7.64490E-01 
 27 	 7.22007E-02 	 3.07044E-01 	 7.61846E-01 
 28 	 7.22007E-02 	 3.08109E-01 	 8.96575E-01 
 29 	 7.22007E-02 	 3.10324E-01 	 6.47670E-01 
 30 	 7.22007E-02 	 3.03856E-01 	 6.52873E-01 
 31 	 7.22007E-02 	 3.09033E-01 	 7.04031E-01 
 32 	 7.22007E-02 	 2.98511E-01 	 6.81851E-01 
 33 	 7.22007E-02 	 3.20253E-01 	 7.26334E-01 
 34 	 7.22007E-02 	 3.04148E-01 	 7.52339E-01 
 35 	 7.22007E-02 	 2.97520E-01 	 7.59878E-01 
 36 	 7.22007E-02 	 3.06349E-01 	 7.52007E-01 
 37 	 7.22007E-02 	 3.06338E-01 	 8.97316E-01 
 38 	 7.22007E-02 	 3.06425E-01 	 7.56725E-01 
 39 	 7.22007E-02 	 3.16651E-01 	 8.92456E-01 
 40 	 7.22007E-02 	 3.10337E-01 	 6.50768E-01 
 41 	 7.22007E-02 	 3.08977E-01 	 8.28743E-01 
 42 	 7.22007E-02 	 3.14534E-01 	 7.84107E-01 
 43 	 7.22007E-02 	 2.98411E-01 	 6.23053E-01 
 44 	 7.22007E-02 	 3.02719E-01 	 5.84487E-01 
 45 	 7.22007E-02 	 2.94537E-01 	 6.65410E-01 
 46 	 7.22007E-02 	 2.97577E-01 	 7.29682E-01 
 47 	 7.22007E-02 	 3.06197E-01 	 6.86993E-01 
 48 	 7.22007E-02 	 3.00583E-01 	 8.00619E-01 
 49 	 7.22007E-02 	 2.97586E-01 	 5.98333E-01 
 50 	 7.22007E-02 	 2.98340E-01 	 7.93941E-01 
 51 	 7.22007E-02 	 2.89796E-01 	 7.19918E-01 
 52 	 7.22007E-02 	 2.89975E-01 	 6.08097E-01 
 53 	 7.22007E-02 	 3.15504E-01 	 6.86946E-01 
 54 	 7.22007E-02 	 2.99866E-01 	 7.26243E-01 
 55 	 7.22007E-02 	 3.03066E-01 	 6.10779E-01 
 56 	 7.22007E-02 	 3.11298E-01 	 7.97745E-01 
 57 	 7.22007E-02 	 3.12759E-01 	 7.91462E-01 
 58 	 7.22007E-02 	 3.09160E-01 	 7.67558E-01 
 59 	 7.22007E-02 	 3.16160E-01 	 7.23178E-01 
 60 	 7.22007E-02 	 3.05821E-01 	 8.36370E-01 
 61 	 7.22007E-02 	 3.14396E-01 	 7.78708E-01 
 62 	 7.22007E-02 	 3.09193E-01 	 7.12619E-01 
 63 	 7.22007E-02 	 2.96585E-01 	 7.75450E-01 
 64 	 7.22007E-02 	 2.78238E-01 	 4.59974E-01 
 65 	 7.22007E-02 	 2.81583E-01 	 6.70517E-01 
 66 	 7.22007E-02 	 2.92779E-01 	 8.00347E-01 
 67 	 7.22007E-02 	 2.89847E-01 	 7.23079E-01 
 68 	 7.22007E-02 	 2.95427E-01 	 6.18448E-01 
 69 	 7.22007E-02 	 2.92483E-01 	 7.84567E-01 
 70 	 7.22007E-02 	 3.04174E-01 	 8.50996E-01 
 71 	 7.22007E-02 	 2.95831E-01 	 6.72187E-01 
 72 	 7.22007E-02 	 2.97645E-01 	 6.77919E-01 
 73 	 7.22007E-02 	 2.85267E-01 	 6.21803E-01 
 74 	 7.22007E-02 	 2.87948E-01 	 6.18039E-01 
 75 	 7.22007E-02 	 3.13724E-01 	 8.89791E-01 
 76 	 7.22007E-02 	 3.02308E-01 	 7.57177E-01 
 77 	 7.22007E-02 	 2.97094E-01 	 8.03015E-01 
 78 	 7.22007E-02 	 3.05061E-01 	 7.96209E-01 
 79 	 7.22007E-02 	 3.04685E-01 	 7.32715E-01 
 80 	 7.22007E-02 	 3.15949E-01 	 7.73693E-01 
 81 	 7.22007E-02 	 2.92516E-01 	 7.02938E-01 
 82 	 7.22007E-02 	 3.12745E-01 	 7.27636E-01 
 83 	 7.22007E-02 	 3.10670E-01 	 8.31974E-01 
 84 	 7.22007E-02 	 2.96087E-01 	 6.52721E-01 
 85 	 7.22007E-02 	 3.00016E-01 	 7.03689E-01 
 86 	 7.22007E-02 	 2.87724E-01 	 6.27741E-01 
 87 	 7.22007E-02 	 2.94458E-01 	 7.66525E-01 
 88 	 7.22007E-02 	 2.93163E-01 	 7.34180E-01 
 89 	 7.22007E-02 	 2.83090E-01 	 5.12233E-01 
 90 	 7.22007E-02 	 2.98119E-01 	 7.31508E-01 
 91 	 7.22007E-02 	 2.94678E-01 	 7.09214E-01 
 92 	 7.22007E-02 	 2.82315E-01 	 7.20837E-01 
 93 	 7.22007E-02 	 2.97746E-01 	 7.56929E-01 
 94 	 7.22007E-02 	 3.02061E-01 	 6.67726E-01 
 95 	 7.22007E-02 	 2.97209E-01 	 6.40306E-01 
 96 	 7.22007E-02 	 3.16390E-01 	 8.10342E-01 
 97 	 7.22007E-02 	 3.02968E-01 	 8.14032E-01 
 98 	 7.22007E-02 	 3.30004E-01 	 8.97118E-01 
 99 	 7.22007E-02 	 3.30307E-01 	 7.37909E-01 
100 	 7.22007E-02 	 3.13768E-01 	 7.79944E-01 
101 	 7.22007E-02 	 3.03918E-01 	 6.48860E-01 
102 	 7.22007E-02 	 3.05334E-01 	 7.42134E-01 
103 	 7.22007E-02 	 3.12069E-01 	 7.12493E-01 
104 	 7.22007E-02 	 3.06624E-01 	 8.54286E-01 
105 	 7.22007E-02 	 2.98135E-01 	 6.02191E-01 
106 	 7.22007E-02 	 3.03403E-01 	 7.08706E-01 
107 	 7.22007E-02 	 2.95874E-01 	 7.17337E-01 
108 	 7.22007E-02 	 2.93958E-01 	 7.03533E-01 
109 	 7.22007E-02 	 2.87351E-01 	 7.74057E-01 
110 	 7.22007E-02 	 2.89644E-01 	 6.37437E-01 
111 	 7.22007E-02 	 3.14518E-01 	 8.08846E-01 
112 	 7.22007E-02 	 3.08435E-01 	 6.57960E-01 
113 	 7.22007E-02 	 3.18090E-01 	 8.03972E-01 
114 	 7.22007E-02 	 3.02097E-01 	 5.06680E-01 
115 	 7.22007E-02 	 3.11804E-01 	 7.49676E-01 
116 	 7.22007E-02 	 3.07469E-01 	 7.09164E-01 
117 	 7.22007E-02 	 3.12113E-01 	 6.96716E-01 
118 	 7.22007E-02 	 3.08497E-01 	 9.40761E-01 
119 	 7.22007E-02 	 3.09925E-01 	 6.74287E-01 
120 	 7.22007E-02 	 3.03281E-01 	 5.65844E-01 
121 	 7.22007E-02 	 3.11127E-01 	 6.37352E-01 
122 	 7.22007E-02 	 3.02768E-01 	 7.03161E-01 
123 	 7.22007E-02 	 3.02960E-01 	 6.64772E-01 
124 	 7.22007E-02 	 2.98115E-01 	 6.52852E-01 
125 	 7.22007E-02 	 2.92357E-01 	 6.24190E-01 
126 	 7.22007E-02 	 3.02434E-01 	 6.99962E-01 
127 	 7.22007E-02 	 3.01464E-01 	 6.41851E-01 
128 	 7.22007E-02 	 3.10598E-01 	 7.11121E-01 
129 	 7.22007E-02 	 3.18953E-01 	 8.09758E-01 
130 	 7.22007E-02 	 3.06975E-01 	 6.89203E-01 
131 	 7.22007E-02 	 3.19368E-01 	 8.24362E-01 
132 	 7.22007E-02 	 3.30859E-01 	 8.43533E-01 
133 	 7.22007E-02 	 2.97941E-01 	 6.98950E-01 
134 	 7.22007E-02 	 3.03641E-01 	 7.82301E-01 
135 	 7.22007E-02 	 3.06456E-01 	 8.13433E-01 
136 	 7.22007E-02 	 3.13205E-01 	 8.32190E-01 
137 	 7.22007E-02 	 2.95339E-01 	 6.58265E-01 
138 	 7.22007E-02 	 3.00738E-01 	 5.40971E-01 
139 	 7.22007E-02 	 3.11005E-01 	 8.01056E-01 
140 	 7.22007E-02 	 3.10903E-01 	 7.78661E-01 
141 	 7.22007E-02 	 2.94261E-01 	 7.58130E-01 
142 	 7.22007E-02 	 3.05956E-01 	 7.76246E-01 
143 	 7.22007E-02 	 2.99535E-01 	 7.59144E-01 
144 	 7.22007E-02 	 3.20642E-01 	 6.85226E-01 
145 	 7.22007E-02 	 3.09981E-01 	 6.26442E-01 
146 	 7.22007E-02 	 3.10484E-01 	 6.71587E-01 
147 	 7.22007E-02 	 3.12920E-01 	 7.76897E-01 
148 	 7.22007E-02 	 2.98567E-01 	 7.07991E-01 
149 	 7.22007E-02 	 3.14876E-01 	 7.68502E-01 
150 	 7.22007E-02 	 3.10596E-01 	 7.45524E-01 
151 	 7.22007E-02 	 2.93460E-01 	 8.18231E-01 
152 	 7.22007E-02 	 2.82593E-01 	 6.30382E-01 
153 	 7.22007E-02 	 2.89102E-01 	 7.82231E-01 
154 	 7.22007E-02 	 3.01914E-01 	 7.97940E-01 
155 	 7.22007E-02 	 2.85995E-01 	 7.08072E-01 
156 	 7.22007E-02 	 3.14632E-01 	 7.61680E-01 
157 	 7.22007E-02 	 3.07409E-01 	 7.70181E-01 
158 	 7.22007E-02 	 2.99125E-01 	 6.83415E-01 
159 	 7.22007E-02 	 3.02712E-01 	 7.39282E-01 
160 	 7.22007E-02 	 3.08237E-01 	 8.91884E-01 
161 	 7.22007E-02 	 3.10183E-01 	 7.88103E-01 
162 	 7.22007E-02 	 3.04335E-01 	 8.20134E-01 
163 	 7.22007E-02 	 2.85256E-01 	 8.07111E-01 
164 	 7.22007E-02 	 2.84498E-01 	 5.70104E-01 
165 	 7.22007E-02 	 3.00894E-01 	 7.56269E-01 
166 	 7.22007E-02 	 3.10500E-01 	 7.38531E-01 
167 	 7.22007E-02 	 2.73062E-01 	 4.88423E-01 
168 	 7.22007E-02 	 3.05525E-01 	 7.63593E-01 
169 	 7.22007E-02 	 2.93680E-01 	 6.60927E-01 
170 	 7.22007E-02 	 3.08742E-01 	 8.45408E-01 
171 	 7.22007E-02 	 2.98987E-01 	 8.85239E-01 
172 	 7.22007E-02 	 3.03958E-01 	 8.16317E-01 
173 	 7.22007E-02 	 2.93149E-01 	 6.67590E-01 
174 	 7.22007E-02 	 3.11010E-01 	 8.10313E-01 
175 	 7.22007E-02 	 3.15998E-01 	 8.49787E-01 
176 	 7.22007E-02 	 2.97091E-01 	 6.54317E-01 
177 	 7.22007E-02 	 2.99292E-01 	 6.80965E-01 
178 	 7.22007E-02 	 3.14529E-01 	 7.53936E-01 
179 	 7.22007E-02 	 3.16601E-01 	 6.66582E-01 
180 	 7.22007E-02 	 3.10507E-01 	 8.14196E-01 
181 	 7.22007E-02 	 3.15472E-01 	 7.42594E-01 
182 	 7.22007E-02 	 3.09643E-01 	 7.35390E-01 
183 	 7.22007E-02 	 3.05170E-01 	 7.84014E-01 
184 	 7.22007E-02 	 3.15335E-01 	 6.75357E-01 
185 	 7.22007E-02 	 3.26363E-01 	 8.06256E-01 
186 	 7.22007E-02 	 3.26717E-01 	 7.91345E-01 
187 	 7.22007E-02 	 3.18708E-01 	 7.71410E-01 
188 	 7.22007E-02 	 3.08572E-01 	 7.38470E-01 
189 	 7.22007E-02 	 3.23454E-01 	 7.20377E-01 
190 	 7.22007E-02 	 3.18173E-01 	 9.16330E-01 
191 	 7.22007E-02 	 2.92095E-01 	 5.82070E-01 
192 	 7.22007E-02 	 3.13758E-01 	 8.84991E-01 
193 	 7.22007E-02 	 3.11416E-01 	 7.63457E-01 
194 	 7.22007E-02 	 3.05614E-01 	 8.06993E-01 
195 	 7.22007E-02 	 3.00878E-01 	 7.53601E-01 
196 	 7.22007E-02 	 3.13815E-01 	 7.76305E-01 
197 	 7.22007E-02 	 3.07419E-01 	 6.36460E-01 
198 	 7.22007E-02 	 3.14110E-01 	 6.96020E-01 
199 	 7.22007E-02 	 3.02333E-01 	 6.82689E-01 
200 	 7.22007E-02 	 3.03654E-01 	 8.23165E-01 
201 	 7.22007E-02 	 2.88177E-01 	 6.52790E-01 
202 	 7.22007E-02 	 2.90882E-01 	 6.12078E-01 
203 	 7.22007E-02 	 2.99707E-01 	 6.07661E-01 
204 	 7.22007E-02 	 3.21217E-01 	 7.99974E-01 
205 	 7.22007E-02 	 3.16124E-01 	 8.82706E-01 
206 	 7.22007E-02 	 2.99651E-01 	 7.32081E-01 
207 	 7.22007E-02 	 3.12032E-01 	 7.05619E-01 
208 	 7.22007E-02 	 3.03182E-01 	 7.31888E-01 
209 	 7.22007E-02 	 3.06531E-01 	 7.75767E-01 
210 	 7.22007E-02 	 3.05980E-01 	 7.34929E-01 
211 	 7.22007E-02 	 3.08251E-01 	 7.45610E-01 
212 	 7.22007E-02 	 3.03447E-01 	 6.43210E-01 
213 	 7.22007E-02 	 3.00171E-01 	 7.76104E-01 
214 	 7.22007E-02 	 3.05598E-01 	 7.84890E-01 
215 	 7.22007E-02 	 2.97275E-01 	 6.22808E-01 
216 	 7.22007E-02 	 2.86211E-01 	 4.57329E-01 
217 	 7.22007E-02 	 3.15160E-01 	 8.41279E-01 
218 	 7.22007E-02 	 3.01794E-01 	 7.97486E-01 
219 	 7.22007E-02 	 3.12507E-01 	 6.24516E-01 
220 	 7.22007E-02 	 2.97992E-01 	 8.49944E-01 
221 	 7.22007E-02 	 2.94304E-01 	 5.90111E-01 
222 	 7.22007E-02 	 3.09834E-01 	 7.36505E-01 
223 	 7.22007E-02 	 2.89424E-01 	 4.99264E-01 
224 	 7.22007E-02 	 3.14711E-01 	 7.18163E-01 
225 	 7.22007E-02 	 3.33745E-01 	 8.45760E-01 
226 	 7.22007E-02 	 3.30139E-01 	 7.67639E-01 
227 	 7.22007E-02 	 3.04021E-01 	 6.96083E-01 
228 	 7.22007E-02 	 2.98050E-01 	 7.44061E-01 
229 	 7.22007E-02 	 3.15590E-01 	 8.42073E-01 
230 	 7.22007E-02 	 3.32104E-01 	 7.57573E-01 
231 	 7.22007E-02 	 3.16382E-01 	 7.88013E-01 
232 	 7.22007E-02 	 3.11427E-01 	 7.76310E-01 
233 	 7.22007E-02 	 2.92607E-01 	 6.20817E-01 
234 	 7.22007E-02 	 3.11629E-01 	 8.36075E-01 
235 	 7.22007E-02 	 3.02977E-01 	 6.89207E-01 
236 	 7.22007E-02 	 3.24173E-01 	 8.12821E-01 
237 	 7.22007E-02 	 3.16604E-01 	 8.45034E-01 
238 	 7.22007E-02 	 3.16928E-01 	 7.39524E-01 
239 	 7.22007E-02 	 3.26684E-01 	 8.86679E-01 
240 	 7.22007E-02 	 3.13022E-01 	 7.37443E-01 
241 	 7.22007E-02 	 3.25634E-01 	 7.03378E-01 
242 	 7.22007E-02 	 3.16629E-01 	 7.51965E-01 
243 	 7.22007E-02 	 3.17491E-01 	 7.50244E-01 
244 	 7.22007E-02 	 3.04363E-01 	 5.64010E-01 
245 	 6.95886E-02 	 3.18038E-01 	 7.89901E-01 
246 	 6.95886E-02 	 3.10111E-01 	 7.34551E-01 
247 	 6.95886E-02 	 3.08271E-01 	 8.77439E-01 
248 	 6.95886E-02 	 3.14717E-01 	 8.35800E-01 
249 	 6.95886E-02 	 3.20823E-01 	 7.97276E-01 
250 	 6.95886E-02 	 3.01570E-01 	 6.14091E-01 
251 	 6.95886E-02 	 3.32063E-01 	 7.77925E-01 
252 	 6.95886E-02 	 2.88421E-01 	 5.43716E-01 
253 	 6.95886E-02 	 3.23574E-01 	 8.25428E-01 
254 	 6.95886E-02 	 3.35732E-01 	 7.92252E-01 
255 	 6.95886E-02 	 3.12385E-01 	 7.40081E-01 
256 	 6.95886E-02 	 3.06010E-01 	 6.67545E-01 
257 	 6.95886E-02 	 3.21314E-01 	 8.16903E-01 
258 	 6.95886E-02 	 3.14557E-01 	 7.04907E-01 
259 	 6.95886E-02 	 2.95684E-01 	 6.82832E-01 
260 	 6.95886E-02 	 2.91467E-01 	 9.45024E-01 
261 	 6.95886E-02 	 2.97325E-01 	 6.15831E-01 
262 	 6.95886E-02 	 3.14190E-01 	 8.62050E-01 
263 	 6.95886E-02 	 3.00856E-01 	 7.60090E-01 
264 	 6.95886E-02 	 3.00058E-01 	 6.55976E-01 
265 	 6.95886E-02 	 3.15817E-01 	 6.83366E-01 
266 	 6.95886E-02 	 2.96328E-01 	 5.98964E-01 
267 	 6.95886E-02 	 2.83126E-01 	 5.25881E-01 
268 	 6.95886E-02 	 2.88958E-01 	 5.38404E-01 
269 	 6.95886E-02 	 3.00755E-01 	 7.50377E-01 
270 	 6.95886E-02 	 2.82897E-01 	 6.72992E-01 
271 	 6.95886E-02 	 3.04862E-01 	 7.68910E-01 
272 	 6.95886E-02 	 2.94733E-01 	 7.34282E-01 
273 	 6.95886E-02 	 2.94108E-01 	 6.37891E-01 
274 	 6.95886E-02 	 3.00705E-01 	 5.98459E-01 
275 	 6.95886E-02 	 3.27276E-01 	 8.84833E-01 
276 	 6.95886E-02 	 3.15474E-01 	 6.87124E-01 
277 	 6.95886E-02 	 3.09813E-01 	 8.94122E-01 
278 	 6.95886E-02 	 3.17691E-01 	 7.77631E-01 
279 	 6.95886E-02 	 2.97708E-01 	 8.18238E-01 
280 	 6.95886E-02 	 3.18294E-01 	 7.15703E-01 
281 	 6.95886E-02 	 3.02398E-01 	 6.42470E-01 
282 	 6.95886E-02 	 3.14837E-01 	 7.74583E-01 
283 	 6.95886E-02 	 3.02835E-01 	 7.18908E-01 
284 	 6.95886E-02 	 2.94864E-01 	 6.14456E-01 
285 	 6.95886E-02 	 3.03103E-01 	 6.14656E-01 
286 	 6.95886E-02 	 2.93170E-01 	 7.28243E-01 
287 	 6.95886E-02 	 2.99508E-01 	 6.47055E-01 
288 	 6.95886E-02 	 2.95549E-01 	 7.42181E-01 
289 	 6.95886E-02 	 3.16739E-01 	 7.66716E-01 
290 	 6.95886E-02 	 3.08720E-01 	 6.90966E-01 
291 	 6.95886E-02 	 2.91916E-01 	 7.29804E-01 
292 	 6.95886E-02 	 3.00360E-01 	 6.27488E-01 
293 	 6.95886E-02 	 2.99703E-01 	 8.88951E-01 
294 	 6.95886E-02 	 2.97342E-01 	 6.82961E-01 
295 	 6.95886E-02 	 2.86413E-01 	 6.60135E-01 
296 	 6.95886E-02 	 2.78132E-01 	 5.79943E-01 
297 	 6.95886E-02 	 2.87702E-01 	 8.49612E-01 
298 	 6.95886E-02 	 2.92888E-01 	 6.03611E-01 
299 	 6.95886E-02 	 2.98055E-01 	 7.32958E-01 
300 	 6.95886E-02 	 2.90638E-01 	 6.36274E-01 
301 	 6.95886E-02 	 3.10770E-01 	 8.54801E-01 
302 	 6.95886E-02 	 2.93642E-01 	 7.65585E-01 
303 	 6.95886E-02 	 2.97834E-01 	 7.23493E-01 
304 	 6.95886E-02 	 2.94203E-01 	 9.52280E-01 
305 	 6.95886E-02 	 3.00644E-01 	 8.10836E-01 
306 	 6.95886E-02 	 3.00536E-01 	 7.27698E-01 
307 	 6.95886E-02 	 3.02934E-01 	 7.13817E-01 
308 	 6.95886E-02 	 2.95772E-01 	 8.01413E-01 
309 	 6.95886E-02 	 3.06030E-01 	 6.70730E-01 
310 	 6.95886E-02 	 3.13891E-01 	 8.27751E-01 
311 	 6.95886E-02 	 2.92052E-01 	 6.92862E-01 
312 	 6.95886E-02 	 2.91726E-01 	 6.76874E-01 
313 	 6.95886E-02 	 3.06895E-01 	 6.38102E-01 
314 	 6.95886E-02 	 3.04789E-01 	 7.25187E-01 
315 	 6.95886E-02 	 3.11909E-01 	 7.02945E-01 
316 	 6.95886E-02 	 2.82794E-01 	 6.89677E-01 
317 	 6.95886E-02 	 2.96613E-01 	 6.78046E-01 
318 	 6.95886E-02 	 3.17771E-01 	 7.37972E-01 
319 	 6.95886E-02 	 3.21249E-01 	 7.57581E-01 
320 	 6.95886E-02 	 3.10334E-01 	 7.39599E-01 
321 	 6.95886E-02 	 2.92147E-01 	 8.01000E-01 
322 	 6.95886E-02 	 3.07248E-01 	 7.89372E-01 
323 	 6.95886E-02 	 2.95988E-01 	 5.60138E-01 
324 	 6.95886E-02 	 2.77506E-01 	 6.93759E-01 
325 	 6.95886E-02 	 3.12499E-01 	 8.06921E-01 
326 	 6.95886E-02 	 3.00102E-01 	 6.01389E-01 
327 	 6.95886E-02 	 3.03412E-01 	 7.69013E-01 
328 	 6.95886E-02 	 3.07504E-01 	 8.57377E-01 
329 	 6.95886E-02 	 3.15944E-01 	 7.90823E-01 
330 	 6.95886E-02 	 3.02455E-01 	 7.47908E-01 
331 	 6.95886E-02 	 2.88855E-01 	 7.83612E-01 
332 	 6.95886E-02 	 3.01525E-01 	 7.67807E-01 
333 	 6.95886E-02 	 3.09676E-01 	 7.74020E-01 
334 	 6.95886E-02 	 2.98213E-01 	 5.95095E-01 
335 	 6.95886E-02 	 3.03025E-01 	 8.18943E-01 
336 	 6.95886E-02 	 3.05202E-01 	 7.19684E-01 
337 	 6.95886E-02 	 3.00413E-01 	 5.59300E-01 
338 	 6.95886E-02 	 2.96036E-01 	 7.52755E-01 
339 	 6.95886E-02 	 2.97120E-01 	 7.56823E-01 
340 	 6.95886E-02 	 3.03797E-01 	 6.49508E-01 
341 	 6.95886E-02 	 3.36691E-01 	 7.48797E-01 
342 	 6.95886E-02 	 3.27417E-01 	 7.40136E-01 
343 	 6.95886E-02 	 3.14594E-01 	 7.28180E-01 
344 	 6.95886E-02 	 3.10669E-01 	 7.56605E-01 
345 	 6.95886E-02 	 3.06525E-01 	 9.37100E-01 
346 	 6.95886E-02 	 3.02584E-01 	 7.97250E-01 
347 	 6.95886E-02 	 3.09813E-01 	 6.87988E-01 
348 	 6.95886E-02 	 3.01568E-01 	 6.27027E-01 
349 	 6.95886E-02 	 2.96055E-01 	 7.67430E-01 
350 	 6.95886E-02 	 3.18467E-01 	 9.38831E-01 
351 	 6.95886E-02 	 3.18911E-01 	 7.08880E-01 
352 	 6.95886E-02 	 3.08205E-01 	 8.56670E-01 
353 	 6.95886E-02 	 2.97853E-01 	 7.32264E-01 
354 	 6.95886E-02 	 3.08135E-01 	 6.39004E-01 
355 	 6.95886E-02 	 3.11136E-01 	 7.45345E-01 
356 	 6.95886E-02 	 2.97902E-01 	 5.68611E-01 
357 	 6.95886E-02 	 3.05691E-01 	 7.58171E-01 
358 	 6.95886E-02 	 3.17519E-01 	 8.30449E-01 
359 	 6.95886E-02 	 2.93517E-01 	 6.60109E-01 
360 	 6.95886E-02 	 2.93279E-01 	 7.61300E-01 
361 	 6.95886E-02 	 2.81731E-01 	 7.87370E-01 
362 	 6.95886E-02 	 2.91744E-01 	 7.45535E-01 
363 	 6.95886E-02 	 2.96734E-01 	 6.93053E-01 
364 	 6.95886E-02 	 3.04417E-01 	 8.08474E-01 
365 	 6.95886E-02 	 2.97004E-01 	 6.16575E-01 
366 	 6.95886E-02 	 3.17310E-01 	 7.50449E-01 
367 	 6.95886E-02 	 2.97134E-01 	 6.92961E-01 
368 	 6.95886E-02 	 3.04888E-01 	 7.57061E-01 
369 	 6.95886E-02 	 3.11940E-01 	 6.26580E-01 
370 	 6.95886E-02 	 2.94117E-01 	 7.87696E-01 
371 	 6.95886E-02 	 2.91831E-01 	 7.06241E-01 
372 	 6.95886E-02 	 3.04702E-01 	 7.05408E-01 
373 	 6.95886E-02 	 3.09721E-01 	 7.17993E-01 
374 	 6.95886E-02 	 3.05797E-01 	 8.03788E-01 
375 	 6.95886E-02 	 3.08479E-01 	 7.36186E-01 
376 	 6.95886E-02 	 3.17751E-01 	 9.20327E-01 
377 	 6.95886E-02 	 3.06130E-01 	 7.11450E-01 
378 	 6.95886E-02 	 2.98697E-01 	 7.66261E-01 
379 	 6.95886E-02 	 3.01758E-01 	 7.68952E-01 
380 	 6.95886E-02 	 2.86040E-01 	 7.31821E-01 
381 	 6.95886E-02 	 2.91163E-01 	 7.14516E-01 
382 	 6.95886E-02 	 3.06446E-01 	 8.87112E-01 
383 	 6.95886E-02 	 2.98975E-01 	 7.95036E-01 
384 	 6.95886E-02 	 3.01103E-01 	 5.91162E-01 
385 	 6.95886E-02 	 3.06537E-01 	 7.28201E-01 
386 	 6.95886E-02 	 2.88332E-01 	 7.55928E-01 
387 	 6.95886E-02 	 2.93238E-01 	 6.29148E-01 
388 	 6.95886E-02 	 2.96986E-01 	 8.10366E-01 
389 	 6.95886E-02 	 2.93126E-01 	 7.64444E-01 
390 	 6.95886E-02 	 2.85746E-01 	 6.37122E-01 
391 	 6.95886E-02 	 3.04005E-01 	 6.82999E-01 
392 	 6.95886E-02 	 3.14869E-01 	 7.53632E-01 
393 	 6.95886E-02 	 3.04195E-01 	 7.53829E-01 
394 	 6.95886E-02 	 3.00049E-01 	 5.94940E-01 
395 	 6.95886E-02 	 3.05525E-01 	 6.94293E-01 
396 	 6.95886E-02 	 2.90259E-01 	 5.53123E-01 
397 	 6.95886E-02 	 3.00029E-01 	 8.18553E-01 
398 	 6.95886E-02 	 3.08075E-01 	 6.62512E-01 
399 	 6.95886E-02 	 2.92980E-01 	 7.38121E-01 
400 	 6.95886E-02 	 3.04663E-01 	 7.32000E-01 
401 	 6.95886E-02 	 3.03831E-01 	 9.04570E-01 
402 	 6.95886E-02 	 2.98843E-01 	 7.95618E-01 
403 	 6.95886E-02 	 2.88910E-01 	 8.13186E-01 
404 	 6.95886E-02 	 2.80063E-01 	 6.86578E-01 
405 	 6.95886E-02 	 3.07524E-01 	 7.65812E-01 
406 	 6.95886E-02 	 2.86524E-01 	 5.70593E-01 
407 	 6.95886E-02 	 2.98188E-01 	 7.16998E-01 
408 	 6.95886E-02 	 3.07442E-01 	 7.78537E-01 
409 	 6.95886E-02 	 3.00201E-01 	 6.09191E-01 
410 	 6.95886E-02 	 3.07168E-01 	 6.04772E-01 
411 	 6.95886E-02 	 3.02675E-01 	 7.54519E-01 
412 	 6.95886E-02 	 2.97967E-01 	 6.64161E-01 
413 	 6.95886E-02 	 2.99673E-01 	 7.46958E-01 
414 	 6.95886E-02 	 3.11825E-01 	 6.55944E-01 
415 	 6.95886E-02 	 3.19056E-01 	 8.44625E-01 
416 	 6.95886E-02 	 3.10254E-01 	 6.61164E-01 
417 	 6.95886E-02 	 3.11739E-01 	 7.70797E-01 
418 	 6.95886E-02 	 3.14383E-01 	 7.81809E-01 
419 	 6.95886E-02 	 3.23079E-01 	 7.47422E-01 
420 	 6.95886E-02 	 3.17641E-01 	 6.86579E-01 
421 	 6.95886E-02 	 3.16686E-01 	 7.97362E-01 
422 	 6.95886E-02 	 2.97817E-01 	 8.34537E-01 
423 	 6.95886E-02 	 3.00079E-01 	 7.59694E-01 
424 	 6.95886E-02 	 3.06554E-01 	 6.87895E-01 
425 	 6.95886E-02 	 3.04459E-01 	 6.34190E-01 
426 	 6.95886E-02 	 3.14765E-01 	 6.68278E-01 
427 	 6.95886E-02 	 3.03443E-01 	 8.37015E-01 
428 	 6.95886E-02 	 3.13521E-01 	 7.41760E-01 
429 	 6.95886E-02 	 3.09387E-01 	 7.12570E-01 
430 	 6.95886E-02 	 2.97610E-01 	 5.19873E-01 
431 	 6.95886E-02 	 3.11565E-01 	 7.67762E-01 
432 	 6.95886E-02 	 2.91224E-01 	 5.77016E-01 
433 	 6.95886E-02 	 3.04424E-01 	 8.00926E-01 
434 	 6.95886E-02 	 2.95528E-01 	 5.26482E-01 
435 	 6.95886E-02 	 3.02128E-01 	 7.34926E-01 
436 	 6.95886E-02 	 3.06640E-01 	 8.02899E-01 
437 	 6.95886E-02 	 2.97386E-01 	 6.62862E-01 
438 	 6.95886E-02 	 3.13939E-01 	 9.14555E-01 
439 	 6.95886E-02 	 2.95809E-01 	 7.30371E-01 
440 	 6.95886E-02 	 2.90992E-01 	 7.32794E-01 
441 	 6.95886E-02 	 2.88565E-01 	 6.98359E-01 
442 	 6.95886E-02 	 2.73413E-01 	 5.28514E-01 
443 	 6.95886E-02 	 2.81314E-01 	 6.94307E-01 
444 	 6.95886E-02 	 3.06479E-01 	 7.71015E-01 
445 	 6.95886E-02 	 3.19456E-01 	 7.53652E-01 
446 	 6.95886E-02 	 2.94876E-01 	 6.69362E-01 
447 	 6.95886E-02 	 3.15275E-01 	 8.90217E-01 
448 	 6.95886E-02 	 3.09256E-01 	 8.05565E-01 
449 	 6.95886E-02 	 3.00151E-01 	 6.68058E-01 
450 	 6.95886E-02 	 2.99553E-01 	 7.82319E-01 
451 	 6.95886E-02 	 2.91235E-01 	 6.30714E-01 
452 	 6.95886E-02 	 2.91199E-01 	 5.91597E-01 
453 	 6.95886E-02 	 2.89051E-01 	 8.45248E-01 
454 	 6.95886E-02 	 2.87355E-01 	 7.11765E-01 
455 	 6.95886E-02 	 2.90468E-01 	 6.61958E-01 
456 	 6.95886E-02 	 2.85876E-01 	 6.69652E-01 
457 	 6.95886E-02 	 3.09070E-01 	 8.39317E-01 
458 	 6.95886E-02 	 2.99498E-01 	 6.49218E-01 
459 	 6.95886E-02 	 3.17159E-01 	 8.28692E-01 
460 	 6.95886E-02 	 2.90442E-01 	 7.18084E-01 
461 	 6.95886E-02 	 3.09472E-01 	 6.25963E-01 
462 	 6.95886E-02 	 3.28880E-01 	 8.61997E-01 
463 	 6.95886E-02 	 3.02475E-01 	 7.21256E-01 
464 	 6.95886E-02 	 3.09612E-01 	 7.62701E-01 
465 	 6.95886E-02 	 3.01017E-01 	 7.71230E-01 
466 	 6.95886E-02 	 3.03665E-01 	 7.90220E-01 
467 	 6.95886E-02 	 3.10273E-01 	 7.73481E-01 
468 	 6.95886E-02 	 3.03504E-01 	 8.41339E-01 
469 	 6.95886E-02 	 3.15777E-01 	 7.90204E-01 
470 	 6.95886E-02 	 3.03949E-01 	 6.87620E-01 
471 	 6.95886E-02 	 3.06406E-01 	 6.91269E-01 
472 	 6.95886E-02 	 2.95987E-01 	 7.46690E-01 
473 	 6.95886E-02 	 3.23935E-01 	 7.23129E-01 
474 	 6.95886E-02 	 2.98104E-01 	 7.52988E-01 
475 	 6.95886E-02 	 3.02308E-01 	 8.08242E-01 
476 	 6.95886E-02 	 2.96974E-01 	 7.86377E-01 
477 	 6.95886E-02 	 2.93555E-01 	 6.26902E-01 
478 	 6.95886E-02 	 2.73055E-01 	 5.17578E-01 
479 	 6.95886E-02 	 2.88960E-01 	 7.17338E-01 
480 	 6.95886E-02 	 2.84084E-01 	 6.00120E-01 
481 	 6.95886E-02 	 3.04313E-01 	 7.36621E-01 
482 	 6.95886E-02 	 3.02739E-01 	 8.30777E-01 
483 	 6.95886E-02 	 2.81461E-01 	 7.25300E-01 
484 	 6.95886E-02 	 2.97468E-01 	 7.71796E-01 
485 	 6.95886E-02 	 2.96661E-01 	 7.68054E-01 
486 	 6.95886E-02 	 2.95528E-01 	 6.77772E-01 
487 	 6.95886E-02 	 2.98030E-01 	 8.23665E-01 
488 	 6.95886E-02 	 2.92658E-01 	 7.26246E-01 
489 	 6.95886E-02 	 2.97444E-01 	 7.99269E-01 
490 	 6.95886E-02 	 2.90243E-01 	 6.83017E-01 
491 	 6.95886E-02 	 2.84214E-01 	 7.63344E-01 
492 	 6.95886E-02 	 2.97574E-01 	 6.70982E-01 
493 	 6.95886E-02 	 2.90363E-01 	 5.99901E-01 
494 	 6.95886E-02 	 2.84019E-01 	 6.57243E-01 
495 	 6.95886E-02 	 2.93261E-01 	 8.11749E-01 
496 	 6.95886E-02 	 3.16795E-01 	 7.58386E-01 
497 	 6.95886E-02 	 2.85629E-01 	 7.79774E-01 
498 	 6.95886E-02 	 2.84503E-01 	 8.98923E-01 
499 	 6.95886E-02 	 2.88139E-01 	 6.55777E-01 
500 	 6.95886E-02 	 3.11708E-01 	 8.25617E-01 
501 	 6.95886E-02 	 2.99171E-01 	 7.81537E-01 
502 	 6.95886E-02 	 3.08562E-01 	 7.67884E-01 
503 	 6.95886E-02 	 2.99795E-01 	 7.55781E-01 
504 	 6.95886E-02 	 3.02849E-01 	 7.76927E-01 
505 	 6.95886E-02 	 2.99642E-01 	 7.06205E-01 
506 	 6.95886E-02 	 2.93258E-01 	 6.74121E-01 
507 	 6.95886E-02 	 3.09454E-01 	 7.50216E-01 
508 	 6.95886E-02 	 3.31398E-01 	 8.09488E-01 
509 	 6.95886E-02 	 3.16847E-01 	 6.40094E-01 
510 	 6.95886E-02 	 3.05860E-01 	 7.18700E-01 
511 	 6.95886E-02 	 3.06301E-01 	 7.72053E-01 
512 	 6.95886E-02 	 3.10435E-01 	 7.38135E-01 
513 	 6.95886E-02 	 2.95441E-01 	 8.37938E-01 
514 	 6.95886E-02 	 3.06417E-01 	 8.07450E-01 
515 	 6.95886E-02 	 2.93212E-01 	 5.93637E-01 
516 	 6.95886E-02 	 2.84797E-01 	 7.61892E-01 
517 	 6.95886E-02 	 2.93393E-01 	 7.83469E-01 
518 	 6.95886E-02 	 3.11111E-01 	 8.77337E-01 
519 	 6.95886E-02 	 2.83830E-01 	 5.87804E-01 
520 	 6.95886E-02 	 2.86442E-01 	 5.91195E-01 
521 	 6.95886E-02 	 2.92219E-01 	 8.59637E-01 
522 	 6.95886E-02 	 2.95709E-01 	 6.83615E-01 
523 	 6.95886E-02 	 3.01135E-01 	 6.77935E-01 
524 	 6.95886E-02 	 2.87014E-01 	 8.21370E-01 
525 	 6.95886E-02 	 2.79749E-01 	 6.37544E-01 
526 	 6.95886E-02 	 2.97398E-01 	 8.31904E-01 
527 	 6.95886E-02 	 2.96507E-01 	 7.98129E-01 
528 	 6.95886E-02 	 2.75871E-01 	 6.14657E-01 
529 	 6.95886E-02 	 2.94938E-01 	 6.71578E-01 
530 	 6.95886E-02 	 3.04138E-01 	 7.28896E-01 
531 	 6.95886E-02 	 3.01967E-01 	 8.57329E-01 
532 	 6.95886E-02 	 2.94207E-01 	 6.35446E-01 
533 	 6.95886E-02 	 3.06462E-01 	 6.80035E-01 
534 	 6.95886E-02 	 3.07453E-01 	 8.30175E-01 
535 	 6.95886E-02 	 2.91733E-01 	 7.51939E-01 
536 	 6.95886E-02 	 2.83370E-01 	 7.69934E-01 
537 	 6.95886E-02 	 2.90161E-01 	 7.15604E-01 
538 	 6.95886E-02 	 3.08255E-01 	 7.46016E-01 
539 	 6.95886E-02 	 2.99890E-01 	 6.71548E-01 
540 	 6.95886E-02 	 3.11913E-01 	 7.72098E-01 
541 	 6.95886E-02 	 2.98873E-01 	 6.86855E-01 
542 	 6.95886E-02 	 3.04955E-01 	 6.95481E-01 
543 	 6.95886E-02 	 3.12187E-01 	 9.22534E-01 
544 	 6.95886E-02 	 2.97227E-01 	 5.83093E-01 
545 	 6.95886E-02 	 2.97652E-01 	 7.61584E-01 
546 	 6.95886E-02 	 2.95906E-01 	 8.20216E-01 
547 	 6.95886E-02 	 2.90483E-01 	 7.35154E-01 
548 	 6.95886E-02 	 2.94878E-01 	 7.11805E-01 
549 	 6.95886E-02 	 2.98244E-01 	 7.86701E-01 
550 	 6.95886E-02 	 2.99499E-01 	 7.12692E-01 
551 	 6.95886E-02 	 2.86823E-01 	 4.58688E-01 
552 	 6.95886E-02 	 2.92196E-01 	 7.60314E-01 
553 	 6.95886E-02 	 2.95223E-01 	 7.20212E-01 
554 	 6.95886E-02 	 2.96774E-01 	 6.94184E-01 
555 	 6.95886E-02 	 3.10726E-01 	 8.47493E-01 
556 	 6.95886E-02 	 3.03765E-01 	 5.75853E-01 
557 	 6.95886E-02 	 3.22996E-01 	 6.52480E-01 
558 	 6.95886E-02 	 3.01214E-01 	 6.15393E-01 
559 	 6.95886E-02 	 2.98203E-01 	 7.54071E-01 
560 	 6.95886E-02 	 3.19567E-01 	 8.06075E-01 
561 	 6.95886E-02 	 3.15659E-01 	 8.05881E-01 
562 	 6.95886E-02 	 3.01826E-01 	 8.45643E-01 
563 	 6.95886E-02 	 3.06800E-01 	 7.95042E-01 
564 	 6.95886E-02 	 3.10111E-01 	 7.98867E-01 
565 	 6.95886E-02 	 2.94740E-01 	 7.87788E-01 
566 	 6.95886E-02 	 3.08173E-01 	 6.73669E-01 
567 	 6.95886E-02 	 2.90855E-01 	 6.70551E-01 
568 	 6.95886E-02 	 2.81906E-01 	 8.29737E-01 
569 	 6.95886E-02 	 2.99144E-01 	 7.74761E-01 
570 	 6.95886E-02 	 2.91806E-01 	 8.44659E-01 
571 	 6.95886E-02 	 3.07913E-01 	 7.45190E-01 
572 	 6.95886E-02 	 3.10402E-01 	 7.22891E-01 
573 	 6.95886E-02 	 3.19013E-01 	 7.93374E-01 
574 	 6.95886E-02 	 2.99190E-01 	 6.05099E-01 
575 	 6.95886E-02 	 3.09422E-01 	 8.21852E-01 
576 	 6.95886E-02 	 2.91676E-01 	 7.42503E-01 
577 	 6.95886E-02 	 2.98334E-01 	 8.96120E-01 
578 	 6.95886E-02 	 3.41203E-01 	 8.26920E-01 
579 	 6.95886E-02 	 3.02049E-01 	 8.27417E-01 
580 	 6.95886E-02 	 2.99266E-01 	 8.38262E-01 
581 	 6.95886E-02 	 3.01627E-01 	 6.25062E-01 
582 	 6.95886E-02 	 3.19842E-01 	 8.19874E-01 
583 	 6.95886E-02 	 2.99934E-01 	 7.59668E-01 
584 	 6.95886E-02 	 2.94236E-01 	 7.34286E-01 
585 	 6.95886E-02 	 2.85175E-01 	 5.57902E-01 
586 	 6.95886E-02 	 2.91280E-01 	 5.59370E-01 
587 	 6.95886E-02 	 2.85069E-01 	 5.50630E-01 
588 	 6.95886E-02 	 2.96296E-01 	 6.22949E-01 
589 	 6.95886E-02 	 3.01599E-01 	 6.92732E-01 
590 	 6.95886E-02 	 2.99209E-01 	 7.48726E-01 
591 	 6.95886E-02 	 2.87152E-01 	 7.54287E-01 
592 	 6.95886E-02 	 2.84840E-01 	 8.81101E-01 
593 	 6.95886E-02 	 2.95102E-01 	 7.60021E-01 
594 	 6.95886E-02 	 3.13255E-01 	 7.49641E-01 
595 	 6.95886E-02 	 3.40133E-01 	 8.40996E-01 
596 	 6.95886E-02 	 3.17105E-01 	 7.13428E-01 
597 	 6.95886E-02 	 3.00787E-01 	 6.12518E-01 
598 	 6.95886E-02 	 3.16478E-01 	 8.26785E-01 
599 	 6.95886E-02 	 3.02690E-01 	 6.79799E-01 
600 	 6.95886E-02 	 2.99774E-01 	 7.44912E-01 
601 	 6.95886E-02 	 3.09333E-01 	 6.60479E-01 
602 	 6.95886E-02 	 3.22302E-01 	 8.44792E-01 
603 	 6.95886E-02 	 2.99320E-01 	 7.31915E-01 
604 	 6.95886E-02 	 2.96719E-01 	 7.80489E-01 
605 	 6.95886E-02 	 2.82606E-01 	 4.99329E-01 
606 	 6.95886E-02 	 2.83000E-01 	 4.58081E-01 
607 	 6.95886E-02 	 2.88327E-01 	 8.12721E-01 
608 	 6.95886E-02 	 2.86359E-01 	 4.98652E-01 
609 	 6.95886E-02 	 2.84540E-01 	 8.24402E-01 
610 	 6.95886E-02 	 2.89932E-01 	 7.65103E-01 
611 	 6.95886E-02 	 2.91771E-01 	 5.97143E-01 
612 	 6.95886E-02 	 3.11662E-01 	 6.81642E-01 
613 	 6.95886E-02 	 3.10159E-01 	 7.54208E-01 
614 	 6.95886E-02 	 3.00189E-01 	 7.58587E-01 
615 	 6.95886E-02 	 2.92500E-01 	 8.39075E-01 
616 	 6.95886E-02 	 2.81056E-01 	 6.59989E-01 
617 	 6.95886E-02 	 2.90177E-01 	 6.57436E-01 
618 	 6.95886E-02 	 3.08436E-01 	 7.84918E-01 
619 	 6.95886E-02 	 2.93857E-01 	 6.87458E-01 
620 	 6.95886E-02 	 3.03929E-01 	 8.45438E-01 
621 	 6.95886E-02 	 3.15653E-01 	 8.14984E-01 
622 	 6.95886E-02 	 2.98890E-01 	 7.53111E-01 
623 	 6.95886E-02 	 3.00499E-01 	 8.41445E-01 
624 	 6.95886E-02 	 3.27715E-01 	 7.41833E-01 
625 	 6.95886E-02 	 3.00089E-01 	 8.47240E-01 
626 	 6.95886E-02 	 3.00469E-01 	 7.39813E-01 
627 	 6.95886E-02 	 2.93875E-01 	 5.14209E-01 
628 	 6.95886E-02 	 2.97351E-01 	 5.65172E-01 
629 	 6.95886E-02 	 3.04551E-01 	 8.03762E-01 
630 	 6.95886E-02 	 3.22701E-01 	 9.13453E-01 
631 	 6.95886E-02 	 3.05054E-01 	 7.59471E-01 
632 	 6.95886E-02 	 2.93796E-01 	 4.94046E-01 
633 	 6.95886E-02 	 3.08170E-01 	 6.78907E-01 
634 	 6.95886E-02 	 2.89710E-01 	 6.06861E-01 
635 	 6.95886E-02 	 3.05094E-01 	 8.75578E-01 
636 	 6.95886E-02 	 3.10453E-01 	 8.00977E-01 
637 	 6.95886E-02 	 3.03719E-01 	 7.65498E-01 
638 	 6.95886E-02 	 3.10864E-01 	 6.19210E-01 
639 	 6.95886E-02 	 3.01136E-01 	 7.45732E-01 
640 	 6.95886E-02 	 3.13711E-01 	 6.41862E-01 
641 	 6.95886E-02 	 3.07701E-01 	 7.81458E-01 
642 	 6.95886E-02 	 3.14773E-01 	 7.64075E-01 
643 	 6.95886E-02 	 3.19860E-01 	 7.22371E-01 
644 	 6.95886E-02 	 3.13861E-01 	 8.31986E-01 
645 	 6.95886E-02 	 3.17907E-01 	 6.93258E-01 
646 	 6.95886E-02 	 3.31718E-01 	 8.76479E-01 
647 	 6.95886E-02 	 3.13831E-01 	 7.85909E-01 
648 	 6.95886E-02 	 2.91604E-01 	 7.17914E-01 
649 	 6.95886E-02 	 2.94920E-01 	 6.89117E-01 
650 	 6.95886E-02 	 3.20206E-01 	 7.62458E-01 
651 	 6.95886E-02 	 2.91304E-01 	 7.78308E-01 
652 	 6.95886E-02 	 2.96839E-01 	 6.85798E-01 
653 	 6.95886E-02 	 2.96076E-01 	 7.85192E-01 
654 	 6.95886E-02 	 3.09538E-01 	 8.37484E-01 
655 	 6.95886E-02 	 3.00919E-01 	 7.08742E-01 
656 	 6.95886E-02 	 3.00090E-01 	 7.13096E-01 
657 	 6.95886E-02 	 3.20285E-01 	 8.83258E-01 
658 	 6.95886E-02 	 2.94682E-01 	 7.74342E-01 
659 	 6.95886E-02 	 2.98356E-01 	 8.38684E-01 
660 	 6.95886E-02 	 2.96865E-01 	 5.35436E-01 
661 	 6.95886E-02 	 2.95966E-01 	 7.73074E-01 
662 	 6.95886E-02 	 3.26589E-01 	 8.51605E-01 
663 	 6.95886E-02 	 3.10978E-01 	 7.67073E-01 
664 	 6.95886E-02 	 3.04860E-01 	 6.61030E-01 
665 	 6.95886E-02 	 2.96828E-01 	 7.50529E-01 
666 	 6.95886E-02 	 2.96469E-01 	 6.25250E-01 
667 	 6.95886E-02 	 3.04126E-01 	 6.60934E-01 
668 	 6.95886E-02 	 2.97696E-01 	 6.10068E-01 
669 	 6.95886E-02 	 3.08393E-01 	 6.94863E-01 
670 	 6.95886E-02 	 3.13465E-01 	 7.47566E-01 
671 	 6.95886E-02 	 3.12002E-01 	 7.66653E-01 
672 	 6.95886E-02 	 3.11925E-01 	 8.25119E-01 
673 	 6.95886E-02 	 2.83445E-01 	 6.65699E-01 
674 	 6.95886E-02 	 3.19699E-01 	 8.09600E-01 
675 	 6.95886E-02 	 3.04949E-01 	 6.31668E-01 
676 	 6.95886E-02 	 2.95055E-01 	 7.65670E-01 
677 	 6.95886E-02 	 3.13739E-01 	 7.76356E-01 
678 	 6.95886E-02 	 3.07648E-01 	 7.40155E-01 
679 	 6.95886E-02 	 3.13553E-01 	 8.58162E-01 
680 	 6.95886E-02 	 3.07149E-01 	 6.94587E-01 
681 	 6.95886E-02 	 2.89502E-01 	 6.11937E-01 
682 	 6.95886E-02 	 3.11299E-01 	 8.63255E-01 
683 	 6.95886E-02 	 2.95986E-01 	 8.13009E-01 
684 	 6.95886E-02 	 2.93336E-01 	 8.49666E-01 
685 	 6.95886E-02 	 3.05028E-01 	 7.26352E-01 
686 	 6.95886E-02 	 2.92534E-01 	 5.95286E-01 
687 	 6.95886E-02 	 2.96150E-01 	 8.58860E-01 
688 	 6.95886E-02 	 2.96145E-01 	 7.46132E-01 
689 	 6.95886E-02 	 2.86217E-01 	 7.55069E-01 
690 	 6.95886E-02 	 2.89468E-01 	 6.92289E-01 
691 	 6.95886E-02 	 2.82090E-01 	 5.64715E-01 
692 	 6.95886E-02 	 2.93268E-01 	 7.26506E-01 
693 	 6.95886E-02 	 3.05378E-01 	 7.72257E-01 
694 	 6.95886E-02 	 2.96184E-01 	 7.81511E-01 
695 	 6.95886E-02 	 2.93191E-01 	 8.47237E-01 
696 	 6.95886E-02 	 3.16029E-01 	 8.20409E-01 
697 	 6.95886E-02 	 2.91539E-01 	 5.19072E-01 
698 	 6.95886E-02 	 3.06651E-01 	 7.19926E-01 
699 	 6.95886E-02 	 2.95719E-01 	 5.74465E-01 
700 	 6.95886E-02 	 3.04038E-01 	 7.21046E-01 
701 	 6.95886E-02 	 3.12145E-01 	 7.69143E-01 
702 	 6.95886E-02 	 3.03794E-01 	 7.94618E-01 
703 	 6.95886E-02 	 2.94544E-01 	 6.07747E-01 
704 	 6.95886E-02 	 2.99944E-01 	 5.87023E-01 
705 	 6.95886E-02 	 3.14628E-01 	 7.62958E-01 
706 	 6.95886E-02 	 2.98586E-01 	 7.24405E-01 
707 	 6.95886E-02 	 3.10913E-01 	 8.02427E-01 
708 	 6.95886E-02 	 3.11009E-01 	 7.68134E-01 
709 	 6.95886E-02 	 2.97849E-01 	 8.15996E-01 
710 	 6.95886E-02 	 3.17992E-01 	 7.52615E-01 
711 	 6.95886E-02 	 3.15974E-01 	 7.44281E-01 
712 	 6.95886E-02 	 3.13921E-01 	 7.25563E-01 
713 	 6.95886E-02 	 3.02324E-01 	 6.86130E-01 
714 	 6.95886E-02 	 3.04048E-01 	 9.15761E-01 
715 	 6.95886E-02 	 3.12830E-01 	 7.66190E-01 
716 	 6.95886E-02 	 3.19154E-01 	 8.54345E-01 
717 	 6.95886E-02 	 2.88856E-01 	 5.10813E-01 
718 	 6.95886E-02 	 2.91928E-01 	 7.09121E-01 
719 	 6.95886E-02 	 3.05156E-01 	 7.62093E-01 
720 	 6.95886E-02 	 3.01196E-01 	 8.20024E-01 
721 	 6.95886E-02 	 2.97401E-01 	 7.19823E-01 
722 	 6.95886E-02 	 3.04922E-01 	 5.94852E-01 
723 	 6.95886E-02 	 2.99946E-01 	 7.52718E-01 
724 	 6.95886E-02 	 2.93429E-01 	 7.86265E-01 
725 	 6.95886E-02 	 2.97927E-01 	 7.31289E-01 
726 	 6.95886E-02 	 3.02961E-01 	 7.43031E-01 
727 	 6.95886E-02 	 2.81439E-01 	 7.56418E-01 
728 	 6.95886E-02 	 2.99144E-01 	 7.48311E-01 
729 	 6.95886E-02 	 3.02089E-01 	 7.37392E-01 
730 	 6.95886E-02 	 3.13752E-01 	 7.41859E-01 
731 	 6.95886E-02 	 3.01410E-01 	 8.13628E-01 
732 	 6.95886E-02 	 3.02471E-01 	 8.14715E-01 
733 	 6.95886E-02 	 2.96540E-01 	 6.42578E-01 
734 	 6.95886E-02 	 2.88408E-01 	 6.21216E-01 
735 	 6.95886E-02 	 2.98731E-01 	 8.77634E-01 
736 	 6.95886E-02 	 3.17826E-01 	 8.05121E-01 
737 	 6.95886E-02 	 3.00504E-01 	 5.68204E-01 
738 	 6.95886E-02 	 2.94566E-01 	 6.55905E-01 
739 	 6.95886E-02 	 2.90024E-01 	 5.19359E-01 
740 	 6.95886E-02 	 3.09100E-01 	 8.20133E-01 
741 	 6.95886E-02 	 3.07012E-01 	 6.80276E-01 
742 	 6.95886E-02 	 3.01332E-01 	 6.41752E-01 
743 	 6.95886E-02 	 3.03681E-01 	 6.96302E-01 
744 	 6.95886E-02 	 2.97516E-01 	 8.29075E-01 
745 	 6.95886E-02 	 2.97436E-01 	 7.99189E-01 
746 	 6.95886E-02 	 3.06351E-01 	 7.59575E-01 
747 	 6.95886E-02 	 3.19325E-01 	 8.20095E-01 
748 	 6.95886E-02 	 2.97761E-01 	 8.24282E-01 
749 	 6.95886E-02 	 2.98311E-01 	 7.75479E-01 
750 	 6.95886E-02 	 2.94710E-01 	 8.58402E-01 
751 	 6.95886E-02 	 2.97001E-01 	 7.96276E-01 
752 	 6.95886E-02 	 3.09789E-01 	 8.82934E-01 
753 	 6.95886E-02 	 3.08671E-01 	 8.41132E-01 
754 	 6.95886E-02 	 3.03992E-01 	 5.32161E-01 
755 	 6.95886E-02 	 3.14259E-01 	 7.30186E-01 
756 	 6.95886E-02 	 3.01283E-01 	 5.89594E-01 
757 	 6.95886E-02 	 2.82783E-01 	 5.26525E-01 
758 	 6.95886E-02 	 3.00591E-01 	 7.97946E-01 
759 	 6.95886E-02 	 2.91647E-01 	 7.48710E-01 
760 	 6.95886E-02 	 2.91451E-01 	 5.58022E-01 
761 	 6.95886E-02 	 2.95232E-01 	 6.23146E-01 
762 	 6.95886E-02 	 3.08413E-01 	 7.64414E-01 
763 	 6.95886E-02 	 3.03177E-01 	 8.18237E-01 
764 	 6.95886E-02 	 3.15225E-01 	 7.37181E-01 
765 	 6.95886E-02 	 3.05962E-01 	 5.23963E-01 
766 	 6.95886E-02 	 3.08614E-01 	 8.24816E-01 
767 	 6.95886E-02 	 3.16521E-01 	 7.94719E-01 
768 	 6.95886E-02 	 3.21041E-01 	 7.64495E-01 
769 	 6.95886E-02 	 3.11237E-01 	 7.87676E-01 
770 	 6.95886E-02 	 2.91715E-01 	 6.36474E-01 
771 	 6.95886E-02 	 2.97409E-01 	 8.27564E-01 
772 	 6.95886E-02 	 2.92103E-01 	 6.11000E-01 
773 	 6.95886E-02 	 2.99358E-01 	 7.78678E-01 
774 	 6.95886E-02 	 3.02731E-01 	 8.70846E-01 
775 	 6.95886E-02 	 3.08056E-01 	 8.16210E-01 
776 	 6.95886E-02 	 2.85438E-01 	 4.97655E-01 
777 	 6.95886E-02 	 2.79830E-01 	 5.95428E-01 
778 	 6.95886E-02 	 2.92195E-01 	 6.35704E-01 
779 	 6.95886E-02 	 3.04925E-01 	 8.04654E-01 
780 	 6.95886E-02 	 3.05610E-01 	 7.93531E-01 
781 	 6.95886E-02 	 3.02699E-01 	 7.20700E-01 
782 	 6.95886E-02 	 3.11914E-01 	 8.14495E-01 
783 	 6.95886E-02 	 3.11338E-01 	 7.60906E-01 
784 	 6.95886E-02 	 2.99573E-01 	 7.67021E-01 
785 	 6.95886E-02 	 2.96870E-01 	 4.78633E-01 
786 	 6.95886E-02 	 2.94846E-01 	 5.21869E-01 
787 	 6.95886E-02 	 2.97083E-01 	 7.05278E-01 
788 	 6.95886E-02 	 3.09511E-01 	 8.45847E-01 
789 	 6.95886E-02 	 3.17537E-01 	 7.82532E-01 
790 	 6.95886E-02 	 3.24462E-01 	 9.14806E-01 
791 	 6.95886E-02 	 3.14842E-01 	 9.12905E-01 
792 	 6.95886E-02 	 2.98625E-01 	 7.00011E-01 
793 	 6.95886E-02 	 2.88064E-01 	 6.38847E-01 
794 	 6.95886E-02 	 2.97387E-01 	 8.38353E-01 
795 	 6.95886E-02 	 3.02777E-01 	 8.23753E-01 
796 	 6.95886E-02 	 2.90878E-01 	 5.38415E-01 
797 	 6.95886E-02 	 2.94708E-01 	 6.47093E-01 
798 	 6.95886E-02 	 3.06553E-01 	 8.67044E-01 
799 	 6.95886E-02 	 3.14711E-01 	 8.18238E-01 
800 	 6.95886E-02 	 3.02634E-01 	 7.26498E-01 
801 	 6.95886E-02 	 2.98912E-01 	 5.92328E-01 
802 	 6.95886E-02 	 3.04001E-01 	 6.56549E-01 
803 	 6.95886E-02 	 3.04614E-01 	 6.69120E-01 
804 	 6.95886E-02 	 2.90617E-01 	 5.90100E-01 
805 	 6.95886E-02 	 3.00053E-01 	 7.99590E-01 
806 	 6.95886E-02 	 2.99889E-01 	 6.90379E-01 
807 	 6.95886E-02 	 2.85710E-01 	 7.16728E-01 
808 	 6.95886E-02 	 2.93724E-01 	 6.64522E-01 
809 	 6.95886E-02 	 2.99009E-01 	 8.75356E-01 
810 	 6.95886E-02 	 3.01066E-01 	 6.43600E-01 
811 	 6.95886E-02 	 3.02928E-01 	 6.70883E-01 
812 	 6.95886E-02 	 2.91451E-01 	 7.56301E-01 
813 	 6.95886E-02 	 2.97491E-01 	 8.69436E-01 
814 	 6.95886E-02 	 2.89124E-01 	 7.89243E-01 
815 	 6.95886E-02 	 3.00565E-01 	 5.45603E-01 
816 	 6.95886E-02 	 3.11658E-01 	 8.02930E-01 
817 	 6.95886E-02 	 2.87449E-01 	 8.02433E-01 
818 	 6.95886E-02 	 3.32525E-01 	 7.28118E-01 
819 	 6.95886E-02 	 3.14470E-01 	 6.62655E-01 
820 	 6.95886E-02 	 3.16038E-01 	 7.72167E-01 
821 	 6.95886E-02 	 3.04954E-01 	 6.82518E-01 
822 	 6.95886E-02 	 3.03826E-01 	 6.31404E-01 
823 	 6.95886E-02 	 2.85557E-01 	 6.88960E-01 
824 	 6.95886E-02 	 2.96463E-01 	 7.62335E-01 
825 	 6.95886E-02 	 3.03157E-01 	 7.23286E-01 
826 	 6.95886E-02 	 3.01843E-01 	 5.67613E-01 
827 	 6.95886E-02 	 3.00326E-01 	 6.66363E-01 
828 	 6.95886E-02 	 2.90076E-01 	 6.73883E-01 
829 	 6.95886E-02 	 3.09462E-01 	 7.43608E-01 
830 	 6.95886E-02 	 2.90647E-01 	 7.25854E-01 
831 	 6.95886E-02 	 2.83681E-01 	 7.64379E-01 
832 	 6.95886E-02 	 2.92778E-01 	 7.81302E-01 
833 	 6.95886E-02 	 2.73736E-01 	 5.82309E-01 
834 	 6.95886E-02 	 2.82775E-01 	 6.79141E-01 
835 	 6.95886E-02 	 2.91845E-01 	 7.52656E-01 
836 	 6.95886E-02 	 3.05309E-01 	 6.83953E-01 
837 	 6.95886E-02 	 2.90411E-01 	 4.78336E-01 
838 	 6.95886E-02 	 3.03576E-01 	 7.91408E-01 
839 	 6.95886E-02 	 2.96794E-01 	 7.08089E-01 
840 	 6.95886E-02 	 3.03002E-01 	 7.19027E-01 
841 	 6.95886E-02 	 2.87822E-01 	 6.23232E-01 
842 	 6.95886E-02 	 3.00590E-01 	 8.30720E-01 
843 	 6.95886E-02 	 3.13053E-01 	 8.19985E-01 
844 	 6.95886E-02 	 2.88921E-01 	 7.93482E-01 
845 	 6.95886E-02 	 2.77752E-01 	 7.88453E-01 
846 	 6.95886E-02 	 2.91576E-01 	 7.55275E-01 
847 	 6.95886E-02 	 2.92215E-01 	 7.83075E-01 
848 	 6.95886E-02 	 3.01149E-01 	 7.98948E-01 
849 	 6.95886E-02 	 2.94663E-01 	 7.70390E-01 
850 	 6.95886E-02 	 3.04352E-01 	 7.72420E-01 
851 	 6.95886E-02 	 3.06299E-01 	 8.06994E-01 
852 	 6.95886E-02 	 2.88129E-01 	 7.21214E-01 
853 	 6.95886E-02 	 2.92581E-01 	 4.89846E-01 
854 	 6.95886E-02 	 3.12014E-01 	 7.54004E-01 
855 	 6.95886E-02 	 2.99993E-01 	 7.08643E-01 
856 	 6.95886E-02 	 3.24190E-01 	 8.21113E-01 
857 	 6.95886E-02 	 2.97160E-01 	 7.22185E-01 
858 	 6.95886E-02 	 2.93176E-01 	 7.81726E-01 
859 	 6.95886E-02 	 3.04103E-01 	 8.19140E-01 
860 	 6.95886E-02 	 2.86227E-01 	 6.85528E-01 
861 	 6.95886E-02 	 2.90651E-01 	 7.25691E-01 
862 	 6.95886E-02 	 2.96725E-01 	 8.05758E-01 
863 	 6.95886E-02 	 2.96111E-01 	 6.99309E-01 
864 	 6.95886E-02 	 2.99942E-01 	 8.50528E-01 
865 	 6.95886E-02 	 3.06674E-01 	 7.85579E-01 
866 	 6.95886E-02 	 2.77618E-01 	 5.71316E-01 
867 	 6.95886E-02 	 2.68294E-01 	 5.40110E-01 
868 	 6.95886E-02 	 2.79960E-01 	 5.77828E-01 
869 	 6.95886E-02 	 2.71383E-01 	 5.60710E-01 
870 	 6.95886E-02 	 2.85896E-01 	 8.44906E-01 
871 	 6.95886E-02 	 3.00631E-01 	 9.65883E-01 
872 	 6.95886E-02 	 2.87641E-01 	 8.76824E-01 
873 	 6.95886E-02 	 2.79655E-01 	 7.41713E-01 
874 	 6.95886E-02 	 2.88450E-01 	 7.80846E-01 
875 	 6.95886E-02 	 2.94240E-01 	 6.53643E-01 
876 	 6.95886E-02 	 2.98668E-01 	 8.40092E-01 
877 	 6.95886E-02 	 2.98098E-01 	 7.85769E-01 
878 	 6.95886E-02 	 2.80771E-01 	 7.62438E-01 
879 	 6.95886E-02 	 2.94622E-01 	 6.97178E-01 
880 	 6.95886E-02 	 3.11849E-01 	 8.26103E-01 
881 	 6.95886E-02 	 3.05477E-01 	 6.36440E-01 
882 	 6.95886E-02 	 2.96608E-01 	 6.08641E-01 
883 	 6.95886E-02 	 2.96590E-01 	 7.34757E-01 
884 	 6.95886E-02 	 2.81366E-01 	 4.54322E-01 
885 	 6.95886E-02 	 3.03181E-01 	 7.64958E-01 
886 	 6.95886E-02 	 2.95971E-01 	 7.59397E-01 
887 	 6.95886E-02 	 3.00957E-01 	 7.20559E-01 
888 	 6.95886E-02 	 2.89012E-01 	 5.96062E-01 
889 	 6.95886E-02 	 3.21545E-01 	 7.47080E-01 
890 	 6.95886E-02 	 2.85270E-01 	 7.72938E-01 
891 	 6.95886E-02 	 3.00419E-01 	 7.89301E-01 
892 	 6.95886E-02 	 2.72184E-01 	 6.38040E-01 
893 	 6.95886E-02 	 2.84589E-01 	 7.25219E-01 
894 	 6.95886E-02 	 2.74154E-01 	 5.89261E-01 
895 	 6.95886E-02 	 2.92738E-01 	 7.49512E-01 
896 	 6.95886E-02 	 2.80873E-01 	 7.51694E-01 
897 	 6.95886E-02 	 3.08246E-01 	 7.70698E-01 
898 	 6.95886E-02 	 2.88182E-01 	 8.36135E-01 
899 	 6.95886E-02 	 2.73013E-01 	 6.75107E-01 
900 	 6.95886E-02 	 3.01503E-01 	 7.22027E-01 
901 	 6.95886E-02 	 2.99164E-01 	 8.52391E-01 
902 	 6.95886E-02 	 2.99100E-01 	 7.04818E-01 
903 	 6.95886E-02 	 2.87542E-01 	 6.25739E-01 
904 	 6.95886E-02 	 3.10667E-01 	 7.82808E-01 
905 	 6.95886E-02 	 3.14889E-01 	 7.51483E-01 
906 	 6.95886E-02 	 3.05044E-01 	 7.91426E-01 
907 	 6.95886E-02 	 2.93296E-01 	 5.69347E-01 
908 	 6.95886E-02 	 2.76563E-01 	 5.02269E-01 
909 	 6.95886E-02 	 2.94463E-01 	 8.74903E-01 
910 	 6.95886E-02 	 2.90436E-01 	 7.26247E-01 
911 	 6.95886E-02 	 2.96065E-01 	 7.17071E-01 
912 	 6.95886E-02 	 2.84502E-01 	 8.10933E-01 
913 	 6.95886E-02 	 2.79133E-01 	 5.88054E-01 
914 	 6.95886E-02 	 2.87450E-01 	 7.94066E-01 
915 	 6.95886E-02 	 2.96265E-01 	 7.41731E-01 
916 	 6.95886E-02 	 2.70390E-01 	 7.57301E-01 
917 	 6.95886E-02 	 2.98063E-01 	 7.25193E-01 
918 	 6.95886E-02 	 3.02846E-01 	 6.95988E-01 
919 	 6.95886E-02 	 2.79280E-01 	 8.09038E-01 
920 	 6.95886E-02 	 2.73971E-01 	 7.27518E-01 
921 	 6.95886E-02 	 2.77357E-01 	 4.87164E-01 
922 	 6.95886E-02 	 2.78066E-01 	 7.34723E-01 
923 	 6.95886E-02 	 2.94767E-01 	 8.23673E-01 
924 	 6.95886E-02 	 2.81069E-01 	 5.94409E-01 
925 	 6.95886E-02 	 2.78067E-01 	 7.91204E-01 
926 	 6.95886E-02 	 2.76918E-01 	 6.67673E-01 
927 	 6.95886E-02 	 2.92566E-01 	 8.77242E-01 
928 	 6.95886E-02 	 2.81406E-01 	 5.10221E-01 
929 	 6.95886E-02 	 2.76904E-01 	 8.67904E-01 
930 	 6.95886E-02 	 2.76009E-01 	 5.97997E-01 
931 	 6.95886E-02 	 2.97994E-01 	 8.55456E-01 
932 	 6.95886E-02 	 3.01256E-01 	 6.32248E-01 
933 	 6.95886E-02 	 2.82829E-01 	 5.89238E-01 
934 	 6.95886E-02 	 2.79968E-01 	 6.78427E-01 
935 	 6.95886E-02 	 3.07235E-01 	 6.29299E-01 
936 	 6.95886E-02 	 3.08257E-01 	 7.20461E-01 
937 	 6.95886E-02 	 3.14022E-01 	 7.21568E-01 
938 	 6.95886E-02 	 2.93127E-01 	 7.42865E-01 
939 	 6.95886E-02 	 2.85254E-01 	 5.31505E-01 
940 	 6.95886E-02 	 2.99712E-01 	 6.81448E-01 
941 	 6.95886E-02 	 2.98559E-01 	 8.11274E-01 
942 	 6.95886E-02 	 2.88983E-01 	 6.94148E-01 
943 	 6.95886E-02 	 3.00965E-01 	 5.71229E-01 
944 	 6.95886E-02 	 2.99125E-01 	 6.36231E-01 
945 	 6.95886E-02 	 2.96214E-01 	 8.64885E-01 
946 	 6.95886E-02 	 2.92685E-01 	 8.45534E-01 
947 	 6.95886E-02 	 3.00707E-01 	 8.05796E-01 
948 	 6.95886E-02 	 2.97277E-01 	 9.04853E-01 
949 	 6.95886E-02 	 2.63492E-01 	 4.39341E-01 
950 	 6.95886E-02 	 2.81901E-01 	 7.39982E-01 
951 	 6.95886E-02 	 2.96421E-01 	 7.16447E-01 
952 	 6.95886E-02 	 2.82355E-01 	 7.08323E-01 
953 	 6.95886E-02 	 3.15580E-01 	 8.77490E-01 
954 	 6.95886E-02 	 2.85558E-01 	 7.57772E-01 
955 	 6.95886E-02 	 2.93891E-01 	 7.86703E-01 
956 	 6.95886E-02 	 2.81211E-01 	 6.36265E-01 
957 	 6.95886E-02 	 2.88435E-01 	 6.44143E-01 
958 	 6.95886E-02 	 2.88311E-01 	 7.81085E-01 
959 	 6.95886E-02 	 2.95597E-01 	 7.10655E-01 
960 	 6.95886E-02 	 2.82280E-01 	 7.75152E-01 
961 	 6.95886E-02 	 2.88345E-01 	 6.66251E-01 
962 	 6.95886E-02 	 2.92929E-01 	 7.82925E-01 
963 	 6.95886E-02 	 2.98620E-01 	 6.40858E-01 
964 	 6.95886E-02 	 2.92611E-01 	 6.65808E-01 
965 	 6.95886E-02 	 2.88717E-01 	 5.89998E-01 
966 	 6.95886E-02 	 2.80801E-01 	 5.32246E-01 
967 	 6.95886E-02 	 3.13732E-01 	 6.62965E-01 
968 	 6.95886E-02 	 2.93007E-01 	 7.46984E-01 
969 	 6.95886E-02 	 3.01119E-01 	 6.22793E-01 
970 	 6.95886E-02 	 3.22410E-01 	 7.35450E-01 
971 	 6.95886E-02 	 2.93024E-01 	 6.80732E-01 
972 	 6.95886E-02 	 2.99497E-01 	 6.17485E-01 
973 	 6.95886E-02 	 2.93563E-01 	 5.30711E-01 
974 	 6.95886E-02 	 3.08066E-01 	 6.55236E-01 
975 	 6.95886E-02 	 2.94122E-01 	 6.80476E-01 
976 	 6.95886E-02 	 2.75566E-01 	 5.58237E-01 
977 	 6.95886E-02 	 2.98789E-01 	 7.20955E-01 
978 	 6.95886E-02 	 2.86893E-01 	 6.64545E-01 
979 	 6.95886E-02 	 3.00669E-01 	 7.23374E-01 
980 	 6.95886E-02 	 2.93755E-01 	 7.52970E-01 
981 	 6.95886E-02 	 2.88580E-01 	 6.69340E-01 
982 	 6.95886E-02 	 2.96739E-01 	 8.23668E-01 
983 	 6.95886E-02 	 3.01471E-01 	 7.94753E-01 
984 	 6.95886E-02 	 3.10586E-01 	 8.05446E-01 
985 	 6.95886E-02 	 2.87691E-01 	 5.92910E-01 
986 	 6.95886E-02 	 2.96819E-01 	 7.79488E-01 
987 	 6.95886E-02 	 2.85968E-01 	 7.88498E-01 
988 	 6.95886E-02 	 2.86178E-01 	 7.30594E-01 
989 	 6.95886E-02 	 2.89179E-01 	 5.83678E-01 
990 	 6.95886E-02 	 2.98083E-01 	 6.94586E-01 
991 	 6.95886E-02 	 3.01076E-01 	 7.85823E-01 
992 	 6.95886E-02 	 3.07830E-01 	 8.20149E-01 
993 	 6.95886E-02 	 2.93649E-01 	 8.14539E-01 
994 	 6.95886E-02 	 2.84108E-01 	 8.96387E-01 
995 	 6.95886E-02 	 2.92761E-01 	 7.27986E-01 
996 	 6.95886E-02 	 2.95370E-01 	 7.78297E-01 
997 	 6.95886E-02 	 2.96003E-01 	 7.69325E-01 
998 	 6.95886E-02 	 2.91999E-01 	 7.25428E-01 
999 	 6.95886E-02 	 2.98373E-01 	 7.72285E-01 
1000 	 6.95886E-02 	 3.12834E-01 	 7.78831E-01 
1001 	 6.95886E-02 	 3.17738E-01 	 6.91541E-01 
1002 	 6.95886E-02 	 3.10521E-01 	 6.49728E-01 
1003 	 6.95886E-02 	 3.02902E-01 	 7.01533E-01 
1004 	 6.95886E-02 	 2.99584E-01 	 7.76129E-01 
1005 	 6.95886E-02 	 3.06691E-01 	 7.94823E-01 
1006 	 6.95886E-02 	 2.92140E-01 	 6.61651E-01 
1007 	 6.95886E-02 	 3.07295E-01 	 7.15706E-01 
1008 	 6.95886E-02 	 3.08662E-01 	 7.99447E-01 
1009 	 6.95886E-02 	 3.17095E-01 	 6.97996E-01 
1010 	 6.95886E-02 	 3.06274E-01 	 8.21120E-01 
1011 	 6.95886E-02 	 3.10745E-01 	 7.61498E-01 
1012 	 6.95886E-02 	 3.07849E-01 	 8.01175E-01 
1013 	 6.95886E-02 	 3.05120E-01 	 5.88652E-01 
1014 	 6.95886E-02 	 3.03142E-01 	 6.58203E-01 
1015 	 6.95886E-02 	 3.07690E-01 	 7.42200E-01 
1016 	 6.95886E-02 	 3.27294E-01 	 8.80748E-01 
1017 	 6.95886E-02 	 3.03681E-01 	 8.07726E-01 
1018 	 6.95886E-02 	 2.89953E-01 	 7.35763E-01 
1019 	 6.95886E-02 	 3.01799E-01 	 5.73302E-01 
1020 	 6.95886E-02 	 2.99359E-01 	 7.95224E-01 
1021 	 6.95886E-02 	 3.05433E-01 	 7.75866E-01 
1022 	 6.95886E-02 	 2.95255E-01 	 7.52818E-01 
1023 	 6.95886E-02 	 3.04406E-01 	 7.67528E-01 
1024 	 6.95886E-02 	 3.12653E-01 	 7.76160E-01 
1025 	 6.95886E-02 	 3.21368E-01 	 6.48636E-01 
1026 	 6.95886E-02 	 2.95085E-01 	 8.85403E-01 
1027 	 6.95886E-02 	 3.01645E-01 	 6.81323E-01 
1028 	 6.95886E-02 	 3.06246E-01 	 7.15292E-01 
1029 	 6.95886E-02 	 2.98471E-01 	 7.50011E-01 
1030 	 6.95886E-02 	 3.13789E-01 	 7.90062E-01 
1031 	 6.95886E-02 	 2.95601E-01 	 6.08436E-01 
1032 	 6.95886E-02 	 2.90483E-01 	 6.20536E-01 
1033 	 6.95886E-02 	 2.99486E-01 	 5.70291E-01 
1034 	 6.95886E-02 	 3.04648E-01 	 7.26928E-01 
1035 	 6.95886E-02 	 3.20280E-01 	 8.48652E-01 
1036 	 6.95886E-02 	 3.04670E-01 	 7.13816E-01 
1037 	 6.95886E-02 	 2.95118E-01 	 5.39342E-01 
1038 	 6.95886E-02 	 2.83983E-01 	 5.87771E-01 
1039 	 6.95886E-02 	 3.01743E-01 	 7.37336E-01 
1040 	 6.95886E-02 	 2.88167E-01 	 6.03874E-01 
1041 	 6.95886E-02 	 2.96887E-01 	 7.56807E-01 
1042 	 6.95886E-02 	 2.81850E-01 	 6.92620E-01 
1043 	 6.95886E-02 	 2.99415E-01 	 6.66278E-01 
1044 	 6.95886E-02 	 2.88604E-01 	 7.13273E-01 
1045 	 6.95886E-02 	 2.88563E-01 	 5.77666E-01 
1046 	 6.95886E-02 	 2.88756E-01 	 7.63887E-01 
1047 	 6.95886E-02 	 3.01246E-01 	 7.52554E-01 
1048 	 6.95886E-02 	 3.06012E-01 	 8.69660E-01 
1049 	 6.95886E-02 	 2.86205E-01 	 6.62225E-01 
1050 	 6.95886E-02 	 2.84342E-01 	 5.90436E-01 
1051 	 6.95886E-02 	 3.00495E-01 	 7.26950E-01 
1052 	 6.95886E-02 	 3.01871E-01 	 6.98089E-01 
1053 	 6.95886E-02 	 3.09769E-01 	 7.90722E-01 
1054 	 6.95886E-02 	 3.17981E-01 	 7.57558E-01 
1055 	 6.95886E-02 	 3.10698E-01 	 6.48152E-01 
1056 	 6.95886E-02 	 2.95875E-01 	 8.31434E-01 
1057 	 6.95886E-02 	 3.15405E-01 	 8.13608E-01 
1058 	 6.95886E-02 	 2.98562E-01 	 6.09764E-01 
1059 	 6.95886E-02 	 2.91524E-01 	 7.73492E-01 
1060 	 6.95886E-02 	 2.93177E-01 	 4.83817E-01 
1061 	 6.95886E-02 	 2.96882E-01 	 7.62500E-01 
1062 	 6.95886E-02 	 2.98316E-01 	 5.62844E-01 
1063 	 6.95886E-02 	 2.89077E-01 	 7.74444E-01 
1064 	 6.95886E-02 	 2.86042E-01 	 7.67122E-01 
1065 	 6.95886E-02 	 3.16825E-01 	 7.28909E-01 
1066 	 6.95886E-02 	 3.01225E-01 	 7.58803E-01 
1067 	 6.95886E-02 	 3.15063E-01 	 9.26596E-01 
1068 	 6.95886E-02 	 3.16246E-01 	 6.80570E-01 
1069 	 6.95886E-02 	 3.14808E-01 	 7.49348E-01 
1070 	 6.95886E-02 	 3.04073E-01 	 6.77844E-01 
1071 	 6.95886E-02 	 2.98951E-01 	 7.72856E-01 
1072 	 6.95886E-02 	 3.13996E-01 	 7.95859E-01 
1073 	 6.95886E-02 	 2.99461E-01 	 9.88857E-01 
1074 	 6.95886E-02 	 3.31637E-01 	 7.69331E-01 
1075 	 6.95886E-02 	 2.93870E-01 	 6.27070E-01 
1076 	 6.95886E-02 	 2.88901E-01 	 7.21173E-01 
1077 	 6.95886E-02 	 2.98306E-01 	 7.64250E-01 
1078 	 6.95886E-02 	 2.96645E-01 	 7.24900E-01 
1079 	 6.95886E-02 	 3.03685E-01 	 6.59443E-01 
1080 	 6.95886E-02 	 3.03584E-01 	 7.25362E-01 
1081 	 6.95886E-02 	 3.03759E-01 	 7.13862E-01 
1082 	 6.95886E-02 	 3.18770E-01 	 8.04506E-01 
1083 	 6.95886E-02 	 3.10458E-01 	 7.61744E-01 
1084 	 6.95886E-02 	 2.87169E-01 	 5.75640E-01 
1085 	 6.95886E-02 	 3.08919E-01 	 7.87161E-01 
1086 	 6.95886E-02 	 3.10008E-01 	 7.11919E-01 
1087 	 6.95886E-02 	 3.03517E-01 	 8.69169E-01 
1088 	 6.95886E-02 	 3.21427E-01 	 7.73106E-01 
1089 	 6.95886E-02 	 3.00108E-01 	 6.21694E-01 
1090 	 6.95886E-02 	 3.01579E-01 	 7.56600E-01 
1091 	 6.95886E-02 	 2.89903E-01 	 8.34190E-01 
1092 	 6.95886E-02 	 3.08249E-01 	 7.39163E-01 
1093 	 6.95886E-02 	 3.10068E-01 	 8.17351E-01 
1094 	 6.95886E-02 	 3.07251E-01 	 8.62593E-01 
1095 	 6.95886E-02 	 3.27242E-01 	 7.68347E-01 
1096 	 6.95886E-02 	 2.95013E-01 	 6.21054E-01 
1097 	 6.95886E-02 	 3.05521E-01 	 7.97126E-01 
1098 	 6.95886E-02 	 3.07836E-01 	 7.72431E-01 
1099 	 6.95886E-02 	 3.08380E-01 	 8.93101E-01 
1100 	 6.95886E-02 	 2.96781E-01 	 5.68060E-01 
1101 	 6.95886E-02 	 3.01342E-01 	 7.74808E-01 
1102 	 6.95886E-02 	 2.85996E-01 	 8.48385E-01 
1103 	 6.95886E-02 	 2.87130E-01 	 6.20325E-01 
1104 	 6.95886E-02 	 3.10490E-01 	 6.52802E-01 
1105 	 6.95886E-02 	 2.94010E-01 	 6.34679E-01 
1106 	 6.95886E-02 	 3.17679E-01 	 5.72336E-01 
1107 	 6.95886E-02 	 2.99940E-01 	 6.34235E-01 
1108 	 6.95886E-02 	 3.12038E-01 	 8.60260E-01 
1109 	 6.95886E-02 	 3.12920E-01 	 7.26158E-01 
1110 	 6.95886E-02 	 2.91962E-01 	 6.98219E-01 
1111 	 6.95886E-02 	 3.03887E-01 	 6.17677E-01 
1112 	 6.95886E-02 	 3.09090E-01 	 6.73788E-01 
1113 	 6.95886E-02 	 3.15486E-01 	 7.95438E-01 
1114 	 6.95886E-02 	 3.08418E-01 	 8.24566E-01 
1115 	 6.95886E-02 	 3.02586E-01 	 7.28653E-01 
1116 	 6.95886E-02 	 2.91302E-01 	 7.52571E-01 
1117 	 6.95886E-02 	 3.11208E-01 	 8.03657E-01 
1118 	 6.95886E-02 	 2.94347E-01 	 7.35316E-01 
1119 	 6.95886E-02 	 3.08142E-01 	 7.52818E-01 
1120 	 6.95886E-02 	 3.13787E-01 	 8.77364E-01 
1121 	 6.95886E-02 	 3.03167E-01 	 7.64390E-01 
1122 	 6.95886E-02 	 2.88431E-01 	 7.80792E-01 
1123 	 6.95886E-02 	 2.95926E-01 	 6.94582E-01 
1124 	 6.95886E-02 	 2.99029E-01 	 5.73107E-01 
1125 	 6.95886E-02 	 3.22330E-01 	 6.78294E-01 
1126 	 6.95886E-02 	 2.99449E-01 	 8.26168E-01 
1127 	 6.95886E-02 	 3.04410E-01 	 7.92444E-01 
1128 	 6.95886E-02 	 3.02386E-01 	 6.74765E-01 
1129 	 6.95886E-02 	 2.95865E-01 	 7.90068E-01 
1130 	 6.95886E-02 	 3.11065E-01 	 6.96679E-01 
1131 	 6.95886E-02 	 3.01075E-01 	 8.23197E-01 
1132 	 6.95886E-02 	 2.97481E-01 	 6.79833E-01 
1133 	 6.95886E-02 	 2.84588E-01 	 7.71058E-01 
1134 	 6.95886E-02 	 3.03626E-01 	 6.83670E-01 
1135 	 6.95886E-02 	 3.03818E-01 	 7.77476E-01 
1136 	 6.95886E-02 	 2.96025E-01 	 7.62133E-01 
1137 	 6.95886E-02 	 3.01560E-01 	 6.90246E-01 
1138 	 6.95886E-02 	 2.99960E-01 	 6.84173E-01 
1139 	 6.95886E-02 	 3.13988E-01 	 6.27452E-01 
1140 	 6.95886E-02 	 2.97258E-01 	 5.87758E-01 
1141 	 6.95886E-02 	 3.19072E-01 	 8.70131E-01 
1142 	 6.95886E-02 	 3.14318E-01 	 8.02257E-01 
1143 	 6.95886E-02 	 3.05139E-01 	 7.89588E-01 
1144 	 6.95886E-02 	 2.93384E-01 	 7.33183E-01 
1145 	 6.95886E-02 	 3.14267E-01 	 8.25143E-01 
1146 	 6.95886E-02 	 3.13170E-01 	 8.22845E-01 
1147 	 6.95886E-02 	 2.78328E-01 	 6.01542E-01 
1148 	 6.95886E-02 	 3.12023E-01 	 8.18068E-01 
1149 	 6.95886E-02 	 2.92784E-01 	 6.45603E-01 
1150 	 6.95886E-02 	 2.79071E-01 	 9.24417E-01 
1151 	 6.95886E-02 	 2.77622E-01 	 6.06976E-01 
1152 	 6.95886E-02 	 2.86784E-01 	 6.61743E-01 
1153 	 6.95886E-02 	 2.88178E-01 	 7.67880E-01 
1154 	 6.95886E-02 	 2.98960E-01 	 8.57570E-01 
1155 	 6.95886E-02 	 2.86490E-01 	 8.26324E-01 
1156 	 6.95886E-02 	 2.86496E-01 	 7.24469E-01 
1157 	 6.95886E-02 	 2.77473E-01 	 8.16041E-01 
1158 	 6.95886E-02 	 2.79258E-01 	 6.73423E-01 
1159 	 6.95886E-02 	 3.01950E-01 	 8.16698E-01 
1160 	 6.95886E-02 	 3.07166E-01 	 8.43315E-01 
1161 	 6.95886E-02 	 2.84672E-01 	 7.33354E-01 
1162 	 6.95886E-02 	 2.66861E-01 	 5.47210E-01 
1163 	 6.95886E-02 	 2.80195E-01 	 7.96412E-01 
1164 	 6.95886E-02 	 2.88585E-01 	 9.48650E-01 
1165 	 6.95886E-02 	 2.76882E-01 	 6.94372E-01 
1166 	 6.95886E-02 	 3.02419E-01 	 7.95772E-01 
1167 	 6.95886E-02 	 3.16041E-01 	 7.87042E-01 
1168 	 6.95886E-02 	 2.95346E-01 	 7.13074E-01 
1169 	 6.95886E-02 	 2.93241E-01 	 8.73721E-01 
1170 	 6.95886E-02 	 2.98654E-01 	 8.96442E-01 
1171 	 6.95886E-02 	 2.97556E-01 	 7.89898E-01 
1172 	 6.95886E-02 	 2.92373E-01 	 7.74679E-01 
1173 	 6.95886E-02 	 3.01192E-01 	 6.78095E-01 
1174 	 6.95886E-02 	 2.96705E-01 	 6.53296E-01 
1175 	 6.95886E-02 	 2.91264E-01 	 7.91462E-01 
1176 	 6.95886E-02 	 2.79856E-01 	 7.78103E-01 
1177 	 6.95886E-02 	 3.02375E-01 	 7.37442E-01 
1178 	 6.95886E-02 	 2.89624E-01 	 8.28102E-01 
1179 	 6.95886E-02 	 3.07922E-01 	 7.07484E-01 
1180 	 6.95886E-02 	 3.14204E-01 	 8.42074E-01 
1181 	 6.95886E-02 	 2.93187E-01 	 5.85983E-01 
1182 	 6.95886E-02 	 3.07540E-01 	 7.15396E-01 
1183 	 6.95886E-02 	 3.04145E-01 	 7.16521E-01 
1184 	 6.95886E-02 	 2.96676E-01 	 6.37734E-01 
1185 	 6.95886E-02 	 3.28055E-01 	 7.33004E-01 
1186 	 6.95886E-02 	 2.95129E-01 	 6.39405E-01 
1187 	 6.95886E-02 	 3.20776E-01 	 8.64813E-01 
1188 	 6.95886E-02 	 3.10973E-01 	 7.15049E-01 
1189 	 6.95886E-02 	 3.00684E-01 	 8.42547E-01 
1190 	 6.95886E-02 	 2.92744E-01 	 5.97899E-01 
1191 	 6.95886E-02 	 2.99376E-01 	 7.18424E-01 
1192 	 6.95886E-02 	 3.01245E-01 	 8.51037E-01 
1193 	 6.95886E-02 	 2.92790E-01 	 7.96623E-01 
1194 	 6.95886E-02 	 3.06327E-01 	 7.46677E-01 
1195 	 6.95886E-02 	 2.88074E-01 	 7.00430E-01 
1196 	 6.95886E-02 	 2.97358E-01 	 6.93233E-01 
1197 	 6.95886E-02 	 3.14209E-01 	 8.33315E-01 
1198 	 6.95886E-02 	 3.04759E-01 	 7.84243E-01 
1199 	 6.95886E-02 	 3.06290E-01 	 8.57507E-01 
1200 	 6.95886E-02 	 3.21030E-01 	 7.69525E-01 
1201 	 6.95886E-02 	 3.20032E-01 	 8.17765E-01 
1202 	 6.95886E-02 	 3.01010E-01 	 7.09750E-01 
1203 	 6.95886E-02 	 3.08032E-01 	 7.24823E-01 
1204 	 6.95886E-02 	 3.05287E-01 	 5.98668E-01 
1205 	 6.95886E-02 	 3.15072E-01 	 7.77748E-01 
1206 	 6.95886E-02 	 3.18013E-01 	 8.97040E-01 
1207 	 6.95886E-02 	 2.89786E-01 	 4.70921E-01 
1208 	 6.95886E-02 	 3.00194E-01 	 6.94052E-01 
1209 	 6.95886E-02 	 3.01331E-01 	 8.18338E-01 
1210 	 6.95886E-02 	 3.07215E-01 	 7.32971E-01 
1211 	 6.95886E-02 	 2.90997E-01 	 7.81773E-01 
1212 	 6.95886E-02 	 2.89835E-01 	 7.60014E-01 
1213 	 6.95886E-02 	 3.11601E-01 	 8.87323E-01 
1214 	 6.95886E-02 	 2.99685E-01 	 8.26501E-01 
1215 	 6.95886E-02 	 3.03203E-01 	 8.35373E-01 
1216 	 6.95886E-02 	 2.93473E-01 	 6.38073E-01 
1217 	 6.95886E-02 	 2.93021E-01 	 7.80890E-01 
1218 	 6.95886E-02 	 3.08499E-01 	 7.80349E-01 
1219 	 6.95886E-02 	 2.86556E-01 	 8.28861E-01 
1220 	 6.95886E-02 	 2.84100E-01 	 6.85852E-01 
1221 	 6.95886E-02 	 2.74893E-01 	 5.17222E-01 
1222 	 6.95886E-02 	 2.87666E-01 	 7.13831E-01 
1223 	 6.95886E-02 	 2.81195E-01 	 6.67210E-01 
1224 	 6.95886E-02 	 2.84165E-01 	 7.60965E-01 
1225 	 6.95886E-02 	 2.91961E-01 	 8.24721E-01 
1226 	 6.95886E-02 	 2.94206E-01 	 6.36076E-01 
1227 	 6.95886E-02 	 3.00754E-01 	 8.22934E-01 
1228 	 6.95886E-02 	 2.97025E-01 	 8.05564E-01 
1229 	 6.95886E-02 	 3.08772E-01 	 6.62945E-01 
1230 	 6.95886E-02 	 3.03318E-01 	 7.88753E-01 
1231 	 6.95886E-02 	 2.93276E-01 	 7.24876E-01 
1232 	 6.95886E-02 	 2.72248E-01 	 5.67951E-01 
1233 	 6.95886E-02 	 2.77531E-01 	 6.79240E-01 
1234 	 6.95886E-02 	 2.77548E-01 	 7.53044E-01 
1235 	 6.95886E-02 	 2.73349E-01 	 6.55739E-01 
1236 	 6.95886E-02 	 2.71956E-01 	 8.69426E-01 
1237 	 6.95886E-02 	 2.83321E-01 	 8.08464E-01 
1238 	 6.95886E-02 	 2.85335E-01 	 5.72077E-01 
1239 	 6.95886E-02 	 2.84666E-01 	 4.81582E-01 
1240 	 6.95886E-02 	 3.09810E-01 	 7.06670E-01 
1241 	 6.95886E-02 	 2.97913E-01 	 8.23706E-01 
1242 	 6.95886E-02 	 2.87800E-01 	 6.52307E-01 
1243 	 6.95886E-02 	 2.93456E-01 	 7.66483E-01 
1244 	 6.95886E-02 	 2.80705E-01 	 4.20459E-01 
1245 	 6.95886E-02 	 3.08651E-01 	 7.93021E-01 
1245 	 6.95886E-02 	 3.08651E-01 	 7.93021E-01 
